0_Parade_marchingband_1_465
563
108 602 16 16 0.6554124 
1009 256 8 11 0.38544682 
169 225 8 10 0.3619795 
487 237 8 11 0.31758827 
45 302 8 10 0.31536397 
504 149 9 11 0.29836413 
128 238 7 9 0.29201797 
505 182 8 11 0.27085564 
593 236 9 11 0.25466275 
662 241 8 9 0.25099686 
984 246 7 9 0.25004533 
82 304 7 10 0.2483356 
626 238 8 11 0.23321041 
322 167 8 10 0.21687187 
734 240 7 8 0.21480615 
520 204 7 10 0.20383652 
519 260 8 10 0.19365859 
922 181 8 10 0.1931307 
488 142 7 10 0.18579611 
878 228 8 10 0.18002915 
485 511 15 18 0.1775346 
545 111 8 10 0.16609871 
522 239 8 9 0.14492372 
985 137 7 8 0.14364512 
698 233 8 10 0.14211343 
975 159 7 9 0.14122497 
902 143 7 9 0.13618477 
533 166 8 9 0.13222542 
103 245 9 10 0.12847212 
534 136 8 10 0.12797756 
528 126 8 10 0.12569077 
575 151 8 9 0.12485749 
7 263 9 11 0.12320647 
840 183 8 9 0.123120144 
527 121 8 10 0.12206497 
72 174 7 10 0.12157205 
130 167 6 9 0.119280465 
1009 208 11 14 0.11842278 
926 232 8 10 0.117845066 
545 150 8 10 0.117517576 
569 149 7 9 0.115707435 
519 165 8 10 0.1155912 
113 174 8 11 0.11192989 
881 214 8 9 0.11061667 
486 173 7 10 0.10818737 
802 204 7 10 0.108158216 
175 158 7 9 0.107212394 
599 152 8 10 0.106203005 
528 135 8 10 0.10484445 
509 117 8 10 0.10346659 
577 125 8 11 0.09997521 
681 166 8 10 0.096866 
833 182 7 9 0.0966992 
112 287 7 8 0.0947864 
912 240 8 10 0.09431514 
721 201 8 9 0.09344733 
880 262 7 10 0.09320138 
597 233 8 10 0.0931827 
352 216 7 9 0.09314529 
550 96 7 9 0.09138222 
537 79 7 10 0.09130758 
874 166 7 9 0.09127735 
704 167 7 9 0.09036234 
592 152 8 10 0.08829109 
669 260 8 10 0.08828781 
702 231 8 10 0.08798963 
466 257 7 9 0.087032 
617 246 7 10 0.08693405 
581 94 7 9 0.08631705 
566 247 8 10 0.08563415 
558 239 8 9 0.085412644 
346 167 7 8 0.08536812 
887 269 9 10 0.08494177 
735 135 7 9 0.084666476 
877 167 7 9 0.084197715 
176 238 8 10 0.083798155 
558 232 7 10 0.081887014 
535 141 8 10 0.07938858 
879 134 7 9 0.07902602 
626 233 7 9 0.07900967 
728 152 8 9 0.07874943 
481 102 7 9 0.07873234 
519 161 7 10 0.07863598 
936 151 7 9 0.07754112 
903 229 8 9 0.07746308 
190 192 7 9 0.0768855 
506 136 8 11 0.07599099 
479 126 8 9 0.07596197 
793 167 7 9 0.074574865 
769 160 6 7 0.074545845 
222 118 8 10 0.07405331 
877 256 7 9 0.07397553 
103 239 8 11 0.07393244 
688 127 6 9 0.07340328 
916 152 6 8 0.07338789 
7 269 8 13 0.072296485 
231 248 7 9 0.07114569 
682 145 7 10 0.071087524 
529 160 7 9 0.07087631 
928 236 7 10 0.07069798 
945 175 7 9 0.070583366 
544 200 7 10 0.070015885 
679 188 9 10 0.06964 
433 180 8 10 0.06955152 
729 158 7 9 0.06951922 
751 159 7 9 0.06940589 
766 198 8 11 0.069036886 
521 134 8 11 0.068657815 
736 192 8 10 0.068655364 
720 169 7 9 0.068238586 
552 167 7 8 0.06787271 
527 181 8 10 0.06783627 
816 206 9 11 0.06701868 
2 270 8 13 0.066990435 
631 246 7 11 0.06673658 
424 124 9 10 0.066387095 
624 281 7 9 0.06624589 
473 160 8 9 0.06590243 
959 137 8 9 0.065007806 
112 169 7 9 0.06427274 
937 136 6 8 0.06401693 
946 157 7 9 0.06375617 
594 127 9 12 0.06371425 
849 160 7 9 0.06366816 
745 158 7 9 0.06345252 
625 245 8 11 0.06317782 
528 151 7 9 0.063092545 
326 165 8 11 0.061719205 
89 236 8 10 0.06107163 
353 177 8 9 0.060950626 
536 199 8 9 0.060904916 
666 256 8 10 0.060178056 
871 160 8 10 0.060152624 
506 47 9 11 0.06011282 
365 249 8 9 0.060100216 
744 198 7 9 0.058833033 
522 126 8 11 0.058183964 
713 190 7 10 0.057891853 
897 174 7 10 0.057371285 
488 150 7 9 0.057351373 
14 278 9 11 0.057339683 
97 237 9 11 0.05723944 
522 182 7 10 0.056897335 
392 181 7 9 0.05655175 
510 111 8 10 0.056392975 
838 206 8 10 0.055847168 
430 216 9 10 0.055454504 
855 135 6 9 0.05522467 
381 150 8 9 0.055046167 
504 167 7 9 0.054771036 
510 134 8 10 0.054329406 
553 200 7 9 0.05406823 
982 260 8 11 0.053838067 
534 161 8 10 0.053723738 
920 224 8 10 0.05356087 
608 254 7 9 0.053262133 
574 144 8 10 0.0530486 
479 120 8 9 0.052714996 
544 143 8 10 0.05255643 
584 157 7 9 0.052205984 
839 141 7 9 0.051985957 
726 200 8 10 0.051959842 
465 177 8 11 0.051625945 
921 144 6 9 0.051597703 
943 232 7 9 0.0514479 
522 143 7 9 0.050809786 
735 159 8 9 0.050700888 
706 118 8 10 0.050489202 
551 143 8 10 0.05048374 
550 102 8 10 0.05042083 
659 151 6 8 0.050273918 
711 93 8 10 0.050199926 
879 192 7 9 0.050190624 
102 233 8 10 0.050175764 
806 205 8 10 0.049762636 
624 151 7 9 0.04941624 
613 124 9 11 0.049412098 
551 182 8 9 0.049278714 
583 120 7 9 0.049242906 
729 175 7 9 0.049111012 
549 110 8 10 0.04881465 
2 286 8 12 0.048762586 
40 238 8 10 0.048413247 
928 143 7 9 0.04817091 
515 205 8 10 0.047831476 
80 256 8 10 0.047585174 
506 112 8 10 0.047409374 
494 126 8 10 0.046987664 
698 168 8 9 0.046796437 
512 102 7 9 0.04649993 
592 132 9 12 0.04638306 
505 176 8 11 0.0462677 
432 205 8 11 0.045995593 
555 239 7 10 0.045927245 
552 252 7 10 0.045709252 
335 159 7 9 0.045592107 
591 245 7 10 0.045403462 
113 180 8 10 0.045354873 
706 223 8 11 0.045255315 
544 136 9 10 0.0450935 
334 183 8 9 0.04477091 
521 233 7 9 0.04477052 
705 143 7 9 0.044691294 
98 245 8 11 0.044330653 
769 181 7 10 0.044096492 
528 103 8 10 0.044075694 
529 142 7 10 0.044066194 
738 118 7 10 0.04405398 
295 248 7 9 0.043983325 
513 95 7 9 0.043730963 
617 87 7 9 0.04367377 
984 241 8 10 0.04365969 
705 200 6 9 0.043563437 
609 213 8 11 0.04344147 
513 160 8 10 0.043419834 
47 298 8 10 0.043291483 
576 134 9 10 0.04327555 
546 182 8 9 0.04305328 
709 113 10 11 0.043012843 
832 177 8 9 0.042972803 
529 176 8 10 0.042799547 
551 160 8 10 0.04238887 
701 238 7 10 0.042229157 
752 205 8 9 0.042031784 
559 191 7 9 0.042026944 
933 264 8 10 0.041637525 
318 190 8 10 0.041093223 
497 159 7 9 0.040904563 
616 152 7 9 0.04087545 
950 151 8 10 0.040868286 
660 246 6 10 0.040865976 
332 220 10 12 0.040748104 
729 168 7 9 0.040723577 
568 127 8 10 0.040695634 
689 247 8 11 0.040683813 
937 143 6 8 0.04063708 
664 233 7 9 0.040362578 
426 221 8 10 0.040327743 
888 199 8 10 0.03994485 
735 151 8 10 0.039832618 
551 177 7 9 0.03965622 
479 98 8 9 0.039571043 
545 159 8 10 0.039355785 
858 222 7 10 0.039155938 
514 199 8 10 0.03899287 
735 233 7 10 0.038877815 
874 151 7 8 0.03855954 
839 214 8 10 0.038434092 
897 150 7 10 0.03817483 
977 176 8 10 0.038099833 
1006 151 9 11 0.037952516 
989 246 8 10 0.037944034 
74 238 7 10 0.037704226 
913 159 7 8 0.03753191 
27 223 8 11 0.037500463 
618 240 7 10 0.03742094 
561 126 8 11 0.037340634 
289 240 8 10 0.03723649 
345 161 8 9 0.03722902 
543 205 8 9 0.037087064 
704 264 7 9 0.03706856 
119 287 7 8 0.036916237 
960 141 8 10 0.036907803 
90 223 7 8 0.03688209 
33 198 7 10 0.03679071 
975 198 7 9 0.03677882 
785 193 8 9 0.03677809 
744 153 7 9 0.036545184 
600 191 7 10 0.036542237 
721 173 7 9 0.036489032 
616 95 7 9 0.036454905 
552 223 8 10 0.036364045 
13 271 8 11 0.03624132 
713 200 7 8 0.036207978 
695 254 7 10 0.036158036 
712 184 8 10 0.036035612 
49 280 8 9 0.03584602 
631 161 7 9 0.03572126 
137 254 8 11 0.035679694 
1009 142 8 10 0.03556203 
600 174 7 9 0.035542484 
959 192 8 10 0.035521995 
728 183 8 9 0.0351964 
873 144 7 9 0.03511118 
681 160 8 10 0.035109952 
816 190 8 9 0.034996405 
350 221 8 10 0.034853864 
195 159 7 9 0.034723468 
560 144 8 10 0.034709375 
926 224 8 10 0.034675412 
535 181 7 10 0.03463169 
98 302 7 9 0.034145035 
173 225 7 9 0.034131475 
546 103 8 10 0.03412875 
735 245 7 10 0.03407234 
487 243 8 12 0.034069687 
791 199 7 9 0.03387381 
578 158 7 9 0.033833127 
599 169 7 9 0.033729814 
935 238 8 10 0.03351284 
801 183 7 10 0.03349629 
431 239 8 10 0.033460665 
294 240 8 10 0.033399653 
955 198 7 9 0.03322812 
862 223 7 8 0.032966066 
609 250 7 9 0.032961592 
710 143 9 11 0.032672245 
686 145 8 9 0.03263812 
886 215 8 9 0.03263724 
520 110 8 10 0.032402188 
200 216 7 9 0.03233306 
88 320 8 10 0.032314908 
537 206 7 10 0.03221656 
47 308 8 11 0.03197145 
569 190 7 10 0.031957835 
559 200 7 9 0.03192546 
973 293 9 11 0.031911902 
985 141 7 9 0.031787183 
537 85 8 10 0.03174176 
848 165 7 9 0.031729113 
553 190 7 10 0.0315374 
12 597 13 17 0.031521156 
119 176 7 10 0.031448964 
880 197 7 9 0.031400885 
-41 36 462 563 0.031394675 
577 102 7 9 0.031346474 
499 182 8 10 0.031294655 
793 161 7 9 0.031247102 
785 197 8 10 0.031243995 
945 238 7 9 0.031227577 
535 102 8 9 0.031035593 
391 166 7 9 0.031019844 
79 183 7 10 0.03071259 
385 166 7 8 0.030649241 
878 150 7 9 0.03059716 
432 144 8 10 0.030590575 
431 264 7 9 0.030444378 
169 247 7 10 0.030409899 
731 135 7 9 0.03035475 
875 230 8 10 0.030314902 
560 161 7 9 0.030314622 
314 213 8 11 0.030281598 
585 245 8 11 0.03028053 
503 187 9 12 0.030234545 
840 166 7 9 0.030198622 
87 285 8 10 0.03015805 
514 166 7 9 0.030061617 
544 116 9 11 0.030010136 
881 208 8 10 0.030004626 
1 277 9 13 0.029983759 
2 262 8 12 0.029941436 
815 174 7 9 0.029939748 
816 168 6 8 0.029913303 
847 215 7 10 0.029906785 
87 261 8 9 0.029837403 
719 191 7 9 0.029801343 
509 176 8 10 0.029770121 
313 175 7 9 0.029680988 
329 160 8 10 0.029529095 
527 199 7 9 0.029512169 
920 177 8 10 0.02947766 
929 279 9 11 0.029276596 
511 246 8 10 0.029269485 
119 303 9 10 0.02925694 
560 134 8 10 0.029224243 
504 157 8 10 0.029220385 
470 181 7 10 0.029165782 
480 110 8 9 0.02905728 
185 191 7 9 0.02904193 
551 136 8 10 0.028988374 
553 204 7 10 0.028762387 
496 143 8 10 0.02859074 
134 168 7 9 0.028590428 
29 239 10 11 0.028576117 
913 175 7 9 0.028480913 
168 253 7 10 0.028469844 
96 232 8 10 0.02841841 
855 129 7 8 0.028358057 
617 262 7 9 0.028314162 
597 120 8 10 0.02827279 
88 232 8 10 0.02826766 
737 197 7 9 0.028220734 
576 190 7 9 0.028210534 
520 103 7 9 0.02799132 
431 200 8 10 0.027913678 
798 175 7 9 0.027768454 
511 127 9 11 0.027700504 
357 178 7 9 0.02766416 
810 175 7 9 0.027556432 
865 183 7 9 0.027536847 
745 167 7 9 0.027508387 
615 102 7 9 0.02743226 
850 135 7 9 0.02735884 
462 113 7 9 0.027301013 
171 158 7 9 0.0272543 
945 153 7 9 0.027103772 
729 233 8 9 0.027100768 
952 240 6 9 0.026931368 
296 254 9 12 0.026886292 
561 247 8 11 0.026864456 
847 190 8 10 0.02682564 
850 128 7 8 0.026813934 
520 244 8 10 0.02678198 
463 117 7 9 0.026734184 
794 174 7 9 0.026693506 
74 182 7 10 0.026569929 
550 150 8 10 0.026427487 
689 252 8 11 0.026399096 
568 167 7 9 0.02634925 
433 150 7 9 0.026275914 
534 175 7 9 0.026273033 
0 238 7 12 0.026228396 
312 188 8 10 0.026201496 
598 134 8 10 0.026172046 
120 280 7 9 0.026114501 
455 490 9 13 0.026093239 
497 220 9 12 0.026028767 
222 143 7 8 0.025918305 
577 120 8 11 0.02586704 
767 193 8 10 0.025849685 
485 198 9 11 0.025840448 
808 189 8 10 0.025695987 
936 157 7 9 0.025692984 
496 103 9 10 0.025662635 
633 165 7 9 0.025561415 
625 183 8 9 0.025547847 
897 223 8 11 0.025520694 
254 114 8 9 0.025518904 
790 191 8 10 0.025509682 
976 180 7 10 0.025490796 
936 232 7 10 0.025483042 
751 199 7 11 0.025303308 
335 152 7 9 0.025226219 
697 198 7 10 0.025210926 
685 149 8 10 0.025209382 
734 143 8 9 0.025178773 
930 150 7 10 0.025149243 
74 233 7 10 0.025139246 
1007 163 7 11 0.025035333 
857 152 7 8 0.025034608 
495 120 8 10 0.02500045 
752 175 6 9 0.024985576 
23 321 8 10 0.024978109 
481 246 7 10 0.024961915 
848 207 7 10 0.024676427 
798 135 7 9 0.02463825 
128 309 7 10 0.024593482 
735 167 7 8 0.024592286 
318 210 8 9 0.024538985 
931 270 8 10 0.024529984 
561 252 7 10 0.024497444 
25 544 9 10 0.024448002 
663 276 9 11 0.024403023 
584 142 8 10 0.024375452 
616 254 7 9 0.024326276 
873 261 8 11 0.024268249 
969 182 7 9 0.024250466 
984 192 8 10 0.024234837 
887 207 8 10 0.024218213 
633 253 7 10 0.024169266 
1003 255 8 10 0.02414285 
1012 254 9 11 0.024078602 
577 71 8 10 0.023993293 
586 239 8 10 0.023957241 
368 165 8 10 0.023871945 
346 175 7 10 0.023647876 
504 240 9 10 0.02359511 
625 254 7 10 0.023509415 
383 159 8 10 0.023502093 
506 71 7 10 0.023437243 
797 168 8 9 0.023391457 
501 219 10 13 0.023349885 
902 174 8 10 0.023260454 
481 141 8 10 0.02322329 
977 263 8 10 0.023203982 
1005 159 8 11 0.023201138 
174 231 7 9 0.023076909 
607 198 7 9 0.022985218 
834 167 7 9 0.022982055 
143 232 7 9 0.022967307 
360 209 7 9 0.02291451 
896 169 8 10 0.022898564 
952 265 8 11 0.02289083 
560 166 7 9 0.022882607 
25 191 8 10 0.02283073 
593 254 7 9 0.02281353 
998 196 9 11 0.022745563 
296 153 7 9 0.022702022 
479 136 9 10 0.022636868 
664 96 7 8 0.022563592 
471 142 8 10 0.022533007 
729 127 7 9 0.022525523 
658 146 7 8 0.022480767 
161 174 7 10 0.022414967 
154 160 7 8 0.022386117 
856 143 7 9 0.02228129 
534 127 7 10 0.022269951 
872 198 8 10 0.022214187 
469 256 8 10 0.022207772 
562 150 7 10 0.022165371 
344 208 8 9 0.022137668 
528 95 8 10 0.022136686 
704 160 7 10 0.021986613 
526 207 7 9 0.021969479 
711 206 7 9 0.02196557 
896 158 7 9 0.021963414 
386 180 8 10 0.021853194 
1002 261 8 11 0.021695932 
111 255 7 9 0.02168033 
312 184 7 10 0.02167193 
706 206 7 9 0.021637084 
825 183 7 9 0.021615969 
642 262 7 10 0.021609755 
128 245 8 10 0.021502156 
801 189 7 9 0.021472275 
296 259 9 12 0.021433119 
122 238 8 11 0.021377113 
616 109 8 10 0.021358538 
899 138 6 8 0.021354007 
983 158 9 11 0.021344759 
600 96 9 10 0.021334196 
792 214 7 10 0.0213167 
975 152 8 10 0.021296822 
502 30 8 11 0.0211599 
80 233 7 9 0.021136556 
351 160 8 10 0.021111766 
560 224 8 10 0.020931993 
712 148 8 10 0.020925762 
526 111 8 10 0.020919543 
1007 269 9 11 0.020905511 
697 190 8 10 0.02089556 
663 144 7 10 0.020881388 
218 143 7 9 0.020837897 
616 143 7 8 0.020834439 
935 224 7 9 0.020825788 
583 136 9 11 0.020772748 
919 247 8 10 0.020762363 
528 191 8 10 0.020672087 
731 245 7 9 0.020619685 
464 135 8 10 0.020579126 
437 176 8 11 0.020464407 
487 264 8 9 0.02045121 
79 237 7 10 0.020447398 
685 160 8 10 0.020385182 
81 260 8 10 0.020382186 
961 183 7 9 0.020375635 
216 152 7 8 0.020350501 
913 167 7 9 0.020341093 
240 182 7 9 0.020339582 
887 222 8 11 0.020335412 
897 228 8 10 0.020330625 
896 216 7 9 0.020299358 
7 276 9 12 0.02028108 
648 254 7 11 0.020267893 
882 268 8 11 0.020259516 
566 253 8 9 0.020250587 
705 135 7 10 0.020227116 
850 153 6 8 0.020217545 
674 166 8 11 0.020205162 
505 52 8 10 0.020167263 
469 261 8 10 0.020141592 
53 277 8 10 0.02008819 
527 246 7 10 0.020038053 
